4 0.507500 0.502500 0.985000 0.995000
4 0.115000 0.467500 0.120000 0.075000
4 0.540000 0.540000 0.130000 0.160000
4 0.912500 0.827500 0.175000 0.165000
4 0.272500 0.902500 0.285000 0.125000
4 0.117500 0.732500 0.085000 0.175000
4 0.072500 0.132500 0.075000 0.105000
4 0.245000 0.190000 0.110000 0.130000
4 0.275000 0.037500 0.090000 0.055000
4 0.430000 0.110000 0.160000 0.150000
4 0.537500 0.237500 0.195000 0.145000
4 0.322500 0.462500 0.125000 0.155000
4 0.902500 0.237500 0.195000 0.125000
4 0.830000 0.592500 0.250000 0.295000
4 0.515000 0.825000 0.210000 0.250000
