4 0.723636 0.527322 0.254545 0.377049
4 0.356364 0.811475 0.189091 0.169399
4 0.105455 0.803279 0.167273 0.087432
4 0.180000 0.751366 0.163636 0.180328
4 0.114545 0.579235 0.141818 0.163934
4 0.147273 0.278689 0.112727 0.251366
4 0.210909 0.363388 0.232727 0.387978
4 0.338182 0.579235 0.181818 0.153005
4 0.225455 0.669399 0.109091 0.169399
4 0.512727 0.833333 0.109091 0.125683
4 0.407273 0.724044 0.145455 0.158470
4 0.485455 0.743169 0.098182 0.109290
4 0.530909 0.732240 0.058182 0.131148
4 0.474545 0.581967 0.120000 0.267760
4 0.610909 0.803279 0.109091 0.163934
4 0.747273 0.696721 0.243636 0.234973
4 0.827273 0.836066 0.120000 0.109290
4 0.738182 0.822404 0.203636 0.114754
4 0.920000 0.644809 0.160000 0.262295
4 0.743636 0.702186 0.265455 0.278689
4 0.847273 0.215847 0.189091 0.191257
4 0.756364 0.286885 0.101818 0.169399
4 0.561818 0.188525 0.098182 0.147541
4 0.494545 0.259563 0.290909 0.355191
4 0.363636 0.275956 0.130909 0.213115
4 0.447273 0.412568 0.160000 0.213115
4 0.618182 0.330601 0.130909 0.125683
4 0.656364 0.204918 0.120000 0.081967
